c (C) 2010. QUIROGA BELTRAN, Jose Luis. Bogota - Colombia.
c Date of birth: December 28 of 1970.
c Place of birth: Bogota - Colombia - Southamerica.
c Id (cedula): 79523732 de Bogota.
c tot_lits=273
p cnf 20 91 
-1 -4 2 0
-1 -6 9 0
-1 -17 15 0
-1 4 10 0
-2 -8 11 0
-2 -11 19 0
-2 5 17 0
-2 6 13 0
-3 -5 -19 0
-3 -7 14 0
-3 -18 6 0
-4 -8 -15 0
-4 -13 -16 0
-4 -18 3 0
-4 -19 7 0
-4 12 16 0
-4 14 15 0
-5 -6 7 0
-5 -8 12 0
-5 -8 17 0
-5 1 2 0
-5 1 12 0
-5 3 6 0
-6 -8 -17 0
-6 -10 2 0
-6 2 18 0
-6 18 19 0
-7 -9 3 0
-7 -15 -16 0
-7 6 14 0
-8 -16 2 0
-8 1 14 0
-9 -15 10 0
-9 1 6 0
-9 1 15 0
-9 3 8 0
-9 12 19 0
-10 -14 4 0
-10 -15 3 0
-10 -19 6 0
-10 11 15 0
-10 13 18 0
-11 6 15 0
-12 -13 14 0
-12 2 5 0
-13 -16 7 0
-13 -19 4 0
-13 3 11 0
-13 4 8 0
-13 4 12 0
-14 1 19 0
-14 2 20 0
-14 3 4 0
-14 10 16 0
-14 12 15 0
-14 12 17 0
-15 1 5 0
-15 5 13 0
-16 3 12 0
-16 5 15 0
-17 5 9 0
-17 5 13 0
-18 2 10 0
-18 6 12 0
-19 9 16 0
-20 6 8 0
-20 7 9 0
-20 7 11 0
-20 8 16 0
1 2 10 0
1 2 17 0
1 3 13 0
1 9 11 0
1 14 18 0
2 4 17 0
3 5 8 0
3 10 11 0
4 7 10 0
4 7 20 0
4 8 10 0
5 7 8 0
5 18 20 0
6 9 11 0
7 9 10 0
7 17 20 0
8 9 13 0
8 13 20 0
9 13 18 0
11 14 16 0
11 15 16 0
14 16 19 0
