c (C) 2010. QUIROGA BELTRAN, Jose Luis. Bogota - Colombia.
c Date of birth: December 28 of 1970.
c Place of birth: Bogota - Colombia - Southamerica.
c Id (cedula): 79523732 de Bogota.
c tot_lits=148
p cnf 32 67 
-1 -2 0
-1 -3 0
-1 -4 0
-2 -3 0
-2 -4 0
-3 -4 0
-5 -6 0
-5 -7 0
-5 -8 0
-6 -7 0
-6 -8 0
-7 -8 0
-9 -10 0
-9 -11 0
-9 -12 0
-10 -11 0
-10 -12 0
-11 -12 0
1 5 9 0
2 6 10 0
3 7 11 0
4 8 12 0
-13 -14 0
-13 -15 0
-13 -16 0
-13 -17 0
-14 -15 0
-14 -16 0
-14 -17 0
-15 -16 0
-15 -17 0
-16 -17 0
-18 -19 0
-18 -20 0
-18 -21 0
-18 -22 0
-19 -20 0
-19 -21 0
-19 -22 0
-20 -21 0
-20 -22 0
-21 -22 0
-23 -24 0
-23 -25 0
-23 -26 0
-23 -27 0
-24 -25 0
-24 -26 0
-24 -27 0
-25 -26 0
-25 -27 0
-26 -27 0
-28 -29 0
-28 -30 0
-28 -31 0
-28 -32 0
-29 -30 0
-29 -31 0
-29 -32 0
-30 -31 0
-30 -32 0
-31 -32 0
13 18 23 28 0
14 19 24 29 0
15 20 25 30 0
16 21 26 31 0
17 22 27 32 0
